[slider_three.jpg]
filters=warm=1;dir_tint=1,0.500000,0.500000,0.250000,0.250000,ffffffff,0;bw=1;
moddate=18954c538bebd201
width=1198
height=393
textactive=0
